0.016110472
0.00575374
0.003452244
0.003452244
0.002301496
0.002301496
0.003452244
0.002301496
0.003452244
0.002301496
0.002301496
0.00575374
0.003452244
0.004602992
0.006904488
0.002301496
0.00575374
0.004602992
0.002301496
0.002301496
0.004602992
0.003452244
0.002301496
0.003452244
0.003452244
0.002301496
0.009205984
0.01150748
0.019562716
0.006904488
0.079401611
0.04027618
0.02301496
0.035673188
0.092059839
0.046029919
0.012658228
0.01726122
0.020713464
0.016110472
0.019562716
0.012658228
0.18296893
0.014959724
0.006904488
0.016110472
0.027617952
0.016110472
0.008055236
0.019562716
0.013808976
0.033371692
0.018411968
0.009205984
0.029919448
0.035673188
