J1 15 1.72	1       14
J3 6  0.69	2	5
D1 		3	3
D2		4	3
E1 3 0.34	5	2
E2 3 0.34	6	2
O1 4 0.46	7	3
P1		8	2
Q1		9	3
R1 3 0.34	10	2
M1 3 0.34	11	2
M3 7 0.80	12	5
K1 4 0.46	13	3
K3 5 0.57	14	4
I2 7 0.80	15	6
I8 3 0.34	16	2
I12 6 0.69	17	5
I17 5 0.57	18	4
H1 3 0.34	19	2
H2 3 0.34	20	2
H3 5 0.57	21	4
H4 4 0.46	22	3
H5 3 0.34	23	2
H6 4 0.46	24	3
H7 4 0.46	25	3
H8 3 0.34	26	2
A5 9 1.03	27	8
C1		28	10
I15 18 2.06	29	17
J2 7 0.80	30	6
A1 72 8.26	31	69
A2 38 4.35	32	35
A3 23 2.64	33	20
A4 34 3.90	34	31
A6 83 9.52	35	80
B1 		36	40
F1 14 1.61	37	11
G1 		38	15
I1 21 2.41	39	18
I3 17 1.95	40	14
I4 20 2.29	41	17
I5 14 1.61	42	11
I6 162 18.58	43	159
I7 16 1.83	44	13
I9 9 1.03	45	6
I10 17 1.95	46	14
I11 27 3.10	47	24
I13 17 1.95	48	14
I14 10 1.15	49	7
I16 20 2.29	50	17
I18 15 1.72	51	12
K2 32 3.67	52	29
L1 		53	16
M2 11 1.26	54	8
N1 29 3.33	55	26
N2 34 3.90	56	31
